0
4
9
14
19
24
29
34
39
44
49
54
59
64
69
74
78
83
89
95
101
107
113
119
125
131
137
143
149
155
161
167
172
177
183
189
195
201
207
213
219
225
231
237
243
249
255
261
266
271
277
283
289
295
301
307
313
319
325
331
337
343
349
355
360
365
371
377
383
389
395
401
407
413
419
425
431
437
443
449
454
459
465
471
477
483
489
495
501
507
513
519
525
531
537
543
548
553
559
565
571
577
583
589
595
601
607
613
619
625
631
637
642
647
653
659
665
671
677
683
689
695
701
707
713
719
725
731
736
741
747
753
759
765
771
777
783
789
795
801
807
813
819
825
830
835
841
847
853
859
865
871
877
883
889
895
901
907
913
919
924
929
935
941
947
953
959
965
971
977
983
989
995
1001
1007
1013
1018
1023
1029
1035
1041
1047
1053
1059
1065
1071
1077
1083
1089
1095
1101
1107
1112
1117
1123
1129
1135
1141
1147
1153
1159
1165
1171
1177
1183
1189
1195
1201
1206
1211
1217
1223
1229
1235
1241
1247
1253
1259
1265
1271
1277
1283
1289
1295
1300
1305
1311
1317
1323
1329
1335
1341
1347
1353
1359
1365
1371
1377
1383
1389
1394
1398
1403
1408
1413
1418
1423
1428
1433
1438
1443
1448
1453
1458
1463
1468
1472
1477
1483
1489
1495
1501
1507
1513
1519
1525
1531
1537
1543
1549
1555
1561
1566
1572
1579
1586
1593
1600
1607
1614
1621
1628
1635
1642
1649
1656
1663
1670
1676
1682
1689
1696
1703
1710
1717
1724
1731
1738
1745
1752
1759
1766
1773
1780
1786
1792
1799
1806
1813
1820
1827
1834
1841
1848
1855
1862
1869
1876
1883
1890
1896
1902
1909
1916
1923
1930
1937
1944
1951
1958
1965
1972
1979
1986
1993
2000
2006
2012
2019
2026
2033
2040
2047
2054
2061
2068
2075
2082
2089
2096
2103
2110
2116
2122
2129
2136
2143
2150
2157
2164
2171
2178
2185
2192
2199
2206
2213
2220
2226
2232
2239
2246
2253
2260
2267
2274
2281
2288
2295
2302
2309
2316
2323
2330
2336
2342
2349
2356
2363
2370
2377
2384
2391
2398
2405
2412
2419
2426
2433
2440
2446
2452
2459
2466
2473
2480
2487
2494
2501
2508
2515
2522
2529
2536
2543
2550
2556
2562
2569
2576
2583
2590
2597
2604
2611
2618
2625
2632
2639
2646
2653
2660
2666
2672
2679
2686
2693
2700
2707
2714
2721
2728
2735
2742
2749
2756
2763
2770
2776
2782
2789
2796
2803
2810
2817
2824
2831
2838
2845
2852
2859
2866
2873
2880
2886
2892
2899
2906
2913
2920
2927
2934
2941
2948
2955
2962
2969
2976
2983
2990
2996
3002
3009
3016
3023
3030
3037
3044
3051
3058
3065
3072
3079
3086
3093
3100
3106
3111
3117
3123
3129
3135
3141
3147
3153
3159
3165
3171
3177
3183
3189
3195
3200
3205
3211
3217
3223
3229
3235
3241
3247
3253
3259
3265
3271
3277
3283
3289
3294
3300
3307
3314
3321
3328
3335
3342
3349
3356
3363
3370
3377
3384
3391
3398
3404
3410
3417
3424
3431
3438
3445
3452
3459
3466
3473
3480
3487
3494
3501
3508
3514
3520
3527
3534
3541
3548
3555
3562
3569
3576
3583
3590
3597
3604
3611
3618
3624
3630
3637
3644
3651
3658
3665
3672
3679
3686
3693
3700
3707
3714
3721
3728
3734
3740
3747
3754
3761
3768
3775
3782
3789
3796
3803
3810
3817
3824
3831
3838
3844
3850
3857
3864
3871
3878
3885
3892
3899
3906
3913
3920
3927
3934
3941
3948
3954
3960
3967
3974
3981
3988
3995
4002
4009
4016
4023
4030
4037
4044
4051
4058
4064
4070
4077
4084
4091
4098
4105
4112
4119
4126
4133
4140
4147
4154
4161
4168
4174
4180
4187
4194
4201
4208
4215
4222
4229
4236
4243
4250
4257
4264
4271
4278
4284
4290
4297
4304
4311
4318
4325
4332
4339
4346
4353
4360
4367
4374
4381
4388
4394
4400
4407
4414
4421
4428
4435
4442
4449
4456
4463
4470
4477
4484
4491
4498
4504
4510
4517
4524
4531
4538
4545
4552
4559
4566
4573
4580
4587
4594
4601
4608
4614
4620
4627
4634
4641
4648
4655
4662
4669
4676
4683
4690
4697
4704
4711
4718
4724
4730
4737
4744
4751
4758
4765
4772
4779
4786
4793
4800
4807
4814
4821
4828
4834
4839
4845
4851
4857
4863
4869
4875
4881
4887
4893
4899
4905
4911
4917
4923
4928
4933
4939
4945
4951
4957
4963
4969
4975
4981
4987
4993
4999
5005
5011
5017
5022
5028
5035
5042
5049
5056
5063
5070
5077
5084
5091
5098
5105
5112
5119
5126
5132
5138
5145
5152
5159
5166
5173
5180
5187
5194
5201
5208
5215
5222
5229
5236
5242
5248
5255
5262
5269
5276
5283
5290
5297
5304
5311
5318
5325
5332
5339
5346
5352
5358
5365
5372
5379
5386
5393
5400
5407
5414
5421
5428
5435
5442
5449
5456
5462
5468
5475
5482
5489
5496
5503
5510
5517
5524
5531
5538
5545
5552
5559
5566
5572
5578
5585
5592
5599
5606
5613
5620
5627
5634
5641
5648
5655
5662
5669
5676
5682
5688
5695
5702
5709
5716
5723
5730
5737
5744
5751
5758
5765
5772
5779
5786
5792
5798
5805
5812
5819
5826
5833
5840
5847
5854
5861
5868
5875
5882
5889
5896
5902
5908
5915
5922
5929
5936
5943
5950
5957
5964
5971
5978
5985
5992
5999
6006
6012
6018
6025
6032
6039
6046
6053
6060
6067
6074
6081
6088
6095
6102
6109
6116
6122
6128
6135
6142
6149
6156
6163
6170
6177
6184
6191
6198
6205
6212
6219
6226
6232
6238
6245
6252
6259
6266
6273
6280
6287
6294
6301
6308
6315
6322
6329
6336
6342
6348
6355
6362
6369
6376
6383
6390
6397
6404
6411
6418
6425
6432
6439
6446
6452
6458
6465
6472
6479
6486
6493
6500
6507
6514
6521
6528
6535
6542
6549
6556
6562
6567
6573
6579
6585
6591
6597
6603
6609
6615
6621
6627
6633
6639
6645
6651
6656
6661
6667
6673
6679
6685
6691
6697
6703
6709
6715
6721
6727
6733
6739
6745
6750
6756
6763
6770
6777
6784
6791
6798
6805
6812
6819
6826
6833
6840
6847
6854
6860
6866
6873
6880
6887
6894
6901
6908
6915
6922
6929
6936
6943
6950
6957
6964
6970
6976
6983
6990
6997
7004
7011
7018
7025
7032
7039
7046
7053
7060
7067
7074
7080
7086
7093
7100
7107
7114
7121
7128
7135
7142
7149
7156
7163
7170
7177
7184
7190
7196
7203
7210
7217
7224
7231
7238
7245
7252
7259
7266
7273
7280
7287
7294
7300
7306
7313
7320
7327
7334
7341
7348
7355
7362
7369
7376
7383
7390
7397
7404
7410
7416
7423
7430
7437
7444
7451
7458
7465
7472
7479
7486
7493
7500
7507
7514
7520
7526
7533
7540
7547
7554
7561
7568
7575
7582
7589
7596
7603
7610
7617
7624
7630
7636
7643
7650
7657
7664
7671
7678
7685
7692
7699
7706
7713
7720
7727
7734
7740
7746
7753
7760
7767
7774
7781
7788
7795
7802
7809
7816
7823
7830
7837
7844
7850
7856
7863
7870
7877
7884
7891
7898
7905
7912
7919
7926
7933
7940
7947
7954
7960
7966
7973
7980
7987
7994
8001
8008
8015
8022
8029
8036
8043
8050
8057
8064
8070
8076
8083
8090
8097
8104
8111
8118
8125
8132
8139
8146
8153
8160
8167
8174
8180
8186
8193
8200
8207
8214
8221
8228
8235
8242
8249
8256
8263
8270
8277
8284
8290
8295
8301
8307
8313
8319
8325
8331
8337
8343
8349
8355
8361
8367
8373
8379
8384
8389
8395
8401
8407
8413
8419
8425
8431
8437
8443
8449
8455
8461
8467
8473
8478
8484
8491
8498
8505
8512
8519
8526
8533
8540
8547
8554
8561
8568
8575
8582
8588
8594
8601
8608
8615
8622
8629
8636
8643
8650
8657
8664
8671
8678
8685
8692
8698
8704
8711
8718
8725
8732
8739
8746
8753
8760
8767
8774
8781
8788
8795
8802
8808
8814
8821
8828
8835
8842
8849
8856
8863
8870
8877
8884
8891
8898
8905
8912
8918
8924
8931
8938
8945
8952
8959
8966
8973
8980
8987
8994
9001
9008
9015
9022
9028
9034
9041
9048
9055
9062
9069
9076
9083
9090
9097
9104
9111
9118
9125
9132
9138
9144
9151
9158
9165
9172
9179
9186
9193
9200
9207
9214
9221
9228
9235
9242
9248
9254
9261
9268
9275
9282
9289
9296
9303
9310
9317
9324
9331
9338
9345
9352
9358
9364
9371
9378
9385
9392
9399
9406
9413
9420
9427
9434
9441
9448
9455
9462
9468
9474
9481
9488
9495
9502
9509
9516
9523
9530
9537
9544
9551
9558
9565
9572
9578
9584
9591
9598
9605
9612
9619
9626
9633
9640
9647
9654
9661
9668
9675
9682
9688
9694
9701
9708
9715
9722
9729
9736
9743
9750
9757
9764
9771
9778
9785
9792
9798
9804
9811
9818
9825
9832
9839
9846
9853
9860
9867
9874
9881
9888
9895
9902
9908
9914
9921
9928
9935
9942
9949
9956
9963
9970
9977
9984
9991
9998
10005
10012
10018
10023
10029
10035
10041
10047
10053
10059
10065
10071
10077
10083
10089
10095
10101
10107
10112
10117
10123
10129
10135
10141
10147
10153
10159
10165
10171
10177
10183
10189
10195
10201
10206
10212
10219
10226
10233
10240
10247
10254
10261
10268
10275
10282
10289
10296
10303
10310
10316
10322
10329
10336
10343
10350
10357
10364
10371
10378
10385
10392
10399
10406
10413
10420
10426
10432
10439
10446
10453
10460
10467
10474
10481
10488
10495
10502
10509
10516
10523
10530
10536
10542
10549
10556
10563
10570
10577
10584
10591
10598
10605
10612
10619
10626
10633
10640
10646
10652
10659
10666
10673
10680
10687
10694
10701
10708
10715
10722
10729
10736
10743
10750
10756
10762
10769
10776
10783
10790
10797
10804
10811
10818
10825
10832
10839
10846
10853
10860
10866
10872
10879
10886
10893
10900
10907
10914
10921
10928
10935
10942
10949
10956
10963
10970
10976
10982
10989
10996
11003
11010
11017
11024
11031
11038
11045
11052
11059
11066
11073
11080
11086
11092
11099
11106
11113
11120
11127
11134
11141
11148
11155
11162
11169
11176
11183
11190
11196
11202
11209
11216
11223
11230
11237
11244
11251
11258
11265
11272
11279
11286
11293
11300
11306
11312
11319
11326
11333
11340
11347
11354
11361
11368
11375
11382
11389
11396
11403
11410
11416
11422
11429
11436
11443
11450
11457
11464
11471
11478
11485
11492
11499
11506
11513
11520
11526
11532
11539
11546
11553
11560
11567
11574
11581
11588
11595
11602
11609
11616
11623
11630
11636
11642
11649
11656
11663
11670
11677
11684
11691
11698
11705
11712
11719
11726
11733
11740
11746
11751
11757
11763
11769
11775
11781
11787
11793
11799
11805
11811
11817
11823
11829
11835
11840
11845
11851
11857
11863
11869
11875
11881
11887
11893
11899
11905
11911
11917
11923
11929
11934
11940
11947
11954
11961
11968
11975
11982
11989
11996
12003
12010
12017
12024
12031
12038
12044
12050
12057
12064
12071
12078
12085
12092
12099
12106
12113
12120
12127
12134
12141
12148
12154
12160
12167
12174
12181
12188
12195
12202
12209
12216
12223
12230
12237
12244
12251
12258
12264
12270
12277
12284
12291
12298
12305
12312
12319
12326
12333
12340
12347
12354
12361
12368
12374
12380
12387
12394
12401
12408
12415
12422
12429
12436
12443
12450
12457
12464
12471
12478
12484
12490
12497
12504
12511
12518
12525
12532
12539
12546
12553
12560
12567
12574
12581
12588
12594
12600
12607
12614
12621
12628
12635
12642
12649
12656
12663
12670
12677
12684
12691
12698
12704
12710
12717
12724
12731
12738
12745
12752
12759
12766
12773
12780
12787
12794
12801
12808
12814
12820
12827
12834
12841
12848
12855
12862
12869
12876
12883
12890
12897
12904
12911
12918
12924
12930
12937
12944
12951
12958
12965
12972
12979
12986
12993
13000
13007
13014
13021
13028
13034
13040
13047
13054
13061
13068
13075
13082
13089
13096
13103
13110
13117
13124
13131
13138
13144
13150
13157
13164
13171
13178
13185
13192
13199
13206
13213
13220
13227
13234
13241
13248
13254
13260
13267
13274
13281
13288
13295
13302
13309
13316
13323
13330
13337
13344
13351
13358
13364
13370
13377
13384
13391
13398
13405
13412
13419
13426
13433
13440
13447
13454
13461
13468
13474
13479
13485
13491
13497
13503
13509
13515
13521
13527
13533
13539
13545
13551
13557
13563
13568
13573
13579
13585
13591
13597
13603
13609
13615
13621
13627
13633
13639
13645
13651
13657
13662
13668
13675
13682
13689
13696
13703
13710
13717
13724
13731
13738
13745
13752
13759
13766
13772
13778
13785
13792
13799
13806
13813
13820
13827
13834
13841
13848
13855
13862
13869
13876
13882
13888
13895
13902
13909
13916
13923
13930
13937
13944
13951
13958
13965
13972
13979
13986
13992
13998
14005
14012
14019
14026
14033
14040
14047
14054
14061
14068
14075
14082
14089
14096
14102
14108
14115
14122
14129
14136
14143
14150
14157
14164
14171
14178
14185
14192
14199
14206
14212
14218
14225
14232
14239
14246
14253
14260
14267
14274
14281
14288
14295
14302
14309
14316
14322
14328
14335
14342
14349
14356
14363
14370
14377
14384
14391
14398
14405
14412
14419
14426
14432
14438
14445
14452
14459
14466
14473
14480
14487
14494
14501
14508
14515
14522
14529
14536
14542
14548
14555
14562
14569
14576
14583
14590
14597
14604
14611
14618
14625
14632
14639
14646
14652
14658
14665
14672
14679
14686
14693
14700
14707
14714
14721
14728
14735
14742
14749
14756
14762
14768
14775
14782
14789
14796
14803
14810
14817
14824
14831
14838
14845
14852
14859
14866
14872
14878
14885
14892
14899
14906
14913
14920
14927
14934
14941
14948
14955
14962
14969
14976
14982
14988
14995
15002
15009
15016
15023
15030
15037
15044
15051
15058
15065
15072
15079
15086
15092
15098
15105
15112
15119
15126
15133
15140
15147
15154
15161
15168
15175
15182
15189
15196
15202
15207
15213
15219
15225
15231
15237
15243
15249
15255
15261
15267
15273
15279
15285
15291
15296
15301
15307
15313
15319
15325
15331
15337
15343
15349
15355
15361
15367
15373
15379
15385
15390
15396
15403
15410
15417
15424
15431
15438
15445
15452
15459
15466
15473
15480
15487
15494
15500
15506
15513
15520
15527
15534
15541
15548
15555
15562
15569
15576
15583
15590
15597
15604
15610
15616
15623
15630
15637
15644
15651
15658
15665
15672
15679
15686
15693
15700
15707
15714
15720
15726
15733
15740
15747
15754
15761
15768
15775
15782
15789
15796
15803
15810
15817
15824
15830
15836
15843
15850
15857
15864
15871
15878
15885
15892
15899
15906
15913
15920
15927
15934
15940
15946
15953
15960
15967
15974
15981
15988
15995
16002
16009
16016
16023
16030
16037
16044
16050
16056
16063
16070
16077
16084
16091
16098
16105
16112
16119
16126
16133
16140
16147
16154
16160
16166
16173
16180
16187
16194
16201
16208
16215
16222
16229
16236
16243
16250
16257
16264
16270
16276
16283
16290
16297
16304
16311
16318
16325
16332
16339
16346
16353
16360
16367
16374
16380
16386
16393
16400
16407
16414
16421
16428
16435
16442
16449
16456
16463
16470
16477
16484
16490
16496
16503
16510
16517
16524
16531
16538
16545
16552
16559
16566
16573
16580
16587
16594
16600
16606
16613
16620
16627
16634
16641
16648
16655
16662
16669
16676
16683
16690
16697
16704
16710
16716
16723
16730
16737
16744
16751
16758
16765
16772
16779
16786
16793
16800
16807
16814
16820
16826
16833
16840
16847
16854
16861
16868
16875
16882
16889
16896
16903
16910
16917
16924
16930
16935
16941
16947
16953
16959
16965
16971
16977
16983
16989
16995
17001
17007
17013
17019
17024
17029
17035
17041
17047
17053
17059
17065
17071
17077
17083
17089
17095
17101
17107
17113
17118
17124
17131
17138
17145
17152
17159
17166
17173
17180
17187
17194
17201
17208
17215
17222
17228
17234
17241
17248
17255
17262
17269
17276
17283
17290
17297
17304
17311
17318
17325
17332
17338
17344
17351
17358
17365
17372
17379
17386
17393
17400
17407
17414
17421
17428
17435
17442
17448
17454
17461
17468
17475
17482
17489
17496
17503
17510
17517
17524
17531
17538
17545
17552
17558
17564
17571
17578
17585
17592
17599
17606
17613
17620
17627
17634
17641
17648
17655
17662
17668
17674
17681
17688
17695
17702
17709
17716
17723
17730
17737
17744
17751
17758
17765
17772
17778
17784
17791
17798
17805
17812
17819
17826
17833
17840
17847
17854
17861
17868
17875
17882
17888
17894
17901
17908
17915
17922
17929
17936
17943
17950
17957
17964
17971
17978
17985
17992
17998
18004
18011
18018
18025
18032
18039
18046
18053
18060
18067
18074
18081
18088
18095
18102
18108
18114
18121
18128
18135
18142
18149
18156
18163
18170
18177
18184
18191
18198
18205
18212
18218
18224
18231
18238
18245
18252
18259
18266
18273
18280
18287
18294
18301
18308
18315
18322
18328
18334
18341
18348
18355
18362
18369
18376
18383
18390
18397
18404
18411
18418
18425
18432
18438
18444
18451
18458
18465
18472
18479
18486
18493
18500
18507
18514
18521
18528
18535
18542
18548
18554
18561
18568
18575
18582
18589
18596
18603
18610
18617
18624
18631
18638
18645
18652
18658
18663
18669
18675
18681
18687
18693
18699
18705
18711
18717
18723
18729
18735
18741
18747
18752
18757
18763
18769
18775
18781
18787
18793
18799
18805
18811
18817
18823
18829
18835
18841
18846
18852
18859
18866
18873
18880
18887
18894
18901
18908
18915
18922
18929
18936
18943
18950
18956
18962
18969
18976
18983
18990
18997
19004
19011
19018
19025
19032
19039
19046
19053
19060
19066
19072
19079
19086
19093
19100
19107
19114
19121
19128
19135
19142
19149
19156
19163
19170
19176
19182
19189
19196
19203
19210
19217
19224
19231
19238
19245
19252
19259
19266
19273
19280
19286
19292
19299
19306
19313
19320
19327
19334
19341
19348
19355
19362
19369
19376
19383
19390
19396
19402
19409
19416
19423
19430
19437
19444
19451
19458
19465
19472
19479
19486
19493
19500
19506
19512
19519
19526
19533
19540
19547
19554
19561
19568
19575
19582
19589
19596
19603
19610
19616
19622
19629
19636
19643
19650
19657
19664
19671
19678
19685
19692
19699
19706
19713
19720
19726
19732
19739
19746
19753
19760
19767
19774
19781
19788
19795
19802
19809
19816
19823
19830
19836
19842
19849
19856
19863
19870
19877
19884
19891
19898
19905
19912
19919
19926
19933
19940
19946
19952
19959
19966
19973
19980
19987
19994
20001
20008
20015
20022
20029
20036
20043
20050
20056
20062
20069
20076
20083
20090
20097
20104
20111
20118
20125
20132
20139
20146
20153
20160
20166
20172
20179
20186
20193
20200
20207
20214
20221
20228
20235
20242
20249
20256
20263
20270
20276
20282
20289
20296
20303
20310
20317
20324
20331
20338
20345
20352
20359
20366
20373
20380
20386
20391
20397
20403
20409
20415
20421
20427
20433
20439
20445
20451
20457
20463
20469
20475
20480
20485
20491
20497
20503
20509
20515
20521
20527
20533
20539
20545
20551
20557
20563
20569
20574
20580
20587
20594
20601
20608
20615
20622
20629
20636
20643
20650
20657
20664
20671
20678
20684
20690
20697
20704
20711
20718
20725
20732
20739
20746
20753
20760
20767
20774
20781
20788
20794
20800
20807
20814
20821
20828
20835
20842
20849
20856
20863
20870
20877
20884
20891
20898
20904
20910
20917
20924
20931
20938
20945
20952
20959
20966
20973
20980
20987
20994
21001
21008
21014
21020
21027
21034
21041
21048
21055
21062
21069
21076
21083
21090
21097
21104
21111
21118
21124
21130
21137
21144
21151
21158
21165
21172
21179
21186
21193
21200
21207
21214
21221
21228
21234
21240
21247
21254
21261
21268
21275
21282
21289
21296
21303
21310
21317
21324
21331
21338
21344
21350
21357
21364
21371
21378
21385
21392
21399
21406
21413
21420
21427
21434
21441
21448
21454
21460
21467
21474
21481
21488
21495
21502
21509
21516
21523
21530
21537
21544
21551
21558
21564
21570
21577
21584
21591
21598
21605
21612
21619
21626
21633
21640
21647
21654
21661
21668
21674
21680
21687
21694
21701
21708
21715
21722
21729
21736
21743
21750
21757
21764
21771
21778
21784
21790
21797
21804
21811
21818
21825
21832
21839
21846
21853
21860
21867
21874
21881
21888
21894
21900
21907
21914
21921
21928
21935
21942
21949
21956
21963
21970
21977
21984
21991
21998
22004
22010
22017
22024
22031
22038
22045
22052
22059
22066
22073
22080
22087
22094
22101
22108
22114
22119
22125
22131
22137
22143
22149
22155
22161
22167
22173
22179
22185
22191
22197
22203
22208
22213
22219
22225
22231
22237
22243
22249
22255
22261
22267
22273
22279
22285
22291
22297
22302
22308
22315
22322
22329
22336
22343
22350
22357
22364
22371
22378
22385
22392
22399
22406
22412
22418
22425
22432
22439
22446
22453
22460
22467
22474
22481
22488
22495
22502
22509
22516
22522
22528
22535
22542
22549
22556
22563
22570
22577
22584
22591
22598
22605
22612
22619
22626
22632
22638
22645
22652
22659
22666
22673
22680
22687
22694
22701
22708
22715
22722
22729
22736
22742
22748
22755
22762
22769
22776
22783
22790
22797
22804
22811
22818
22825
22832
22839
22846
22852
22858
22865
22872
22879
22886
22893
22900
22907
22914
22921
22928
22935
22942
22949
22956
22962
22968
22975
22982
22989
22996
23003
23010
23017
23024
23031
23038
23045
23052
23059
23066
23072
23078
23085
23092
23099
23106
23113
23120
23127
23134
23141
23148
23155
23162
23169
23176
23182
23188
23195
23202
23209
23216
23223
23230
23237
23244
23251
23258
23265
23272
23279
23286
23292
23298
23305
23312
23319
23326
23333
23340
23347
23354
23361
23368
23375
23382
23389
23396
23402
23408
23415
23422
23429
23436
23443
23450
23457
23464
23471
23478
23485
23492
23499
23506
23512
23518
23525
23532
23539
23546
23553
23560
23567
23574
23581
23588
23595
23602
23609
23616
23622
23628
23635
23642
23649
23656
23663
23670
23677
23684
23691
23698
23705
23712
23719
23726
23732
23738
23745
23752
23759
23766
23773
23780
23787
23794
23801
23808
23815
23822
23829
23836
23842
23847
23853
23859
23865
23871
23877
23883
23889
23895
23901
23907
23913
23919
23925
23931
23936
23941
23947
23953
23959
23965
23971
23977
23983
23989
23995
24001
24007
24013
24019
24025
24030
24036
24043
24050
24057
24064
24071
24078
24085
24092
24099
24106
24113
24120
24127
24134
24140
24146
24153
24160
24167
24174
24181
24188
24195
24202
24209
24216
24223
24230
24237
24244
24250
24256
24263
24270
24277
24284
24291
24298
24305
24312
24319
24326
24333
24340
24347
24354
24360
24366
24373
24380
24387
24394
24401
24408
24415
24422
24429
24436
24443
24450
24457
24464
24470
24476
24483
24490
24497
24504
24511
24518
24525
24532
24539
24546
24553
24560
24567
24574
24580
24586
24593
24600
24607
24614
24621
24628
24635
24642
24649
24656
24663
24670
24677
24684
24690
24696
24703
24710
24717
24724
24731
24738
24745
24752
24759
24766
24773
24780
24787
24794
24800
24806
24813
24820
24827
24834
24841
24848
24855
24862
24869
24876
24883
24890
24897
24904
24910
24916
24923
24930
24937
24944
24951
24958
24965
24972
24979
24986
24993
25000
25007
25014
25020
25026
25033
25040
25047
25054
25061
25068
25075
25082
25089
25096
25103
25110
25117
25124
25130
25136
25143
25150
25157
25164
25171
25178
25185
25192
25199
25206
25213
25220
25227
25234
25240
25246
25253
25260
25267
25274
25281
25288
25295
25302
25309
25316
25323
25330
25337
25344
25350
25356
25363
25370
25377
25384
25391
25398
25405
25412
25419
25426
25433
25440
25447
25454
25460
25466
25473
25480
25487
25494
25501
25508
25515
25522
25529
25536
25543
25550
25557
25564
25570
25575
25581
25587
25593
25599
25605
25611
25617
25623
25629
25635
25641
25647
25653
25659
25664
25668
25673
25678
25683
25688
25693
25698
25703
25708
25713
25718
25723
25728
25733
25738
25742
25747
25753
25759
25765
25771
25777
25783
25789
25795
25801
25807
25813
25819
25825
25831
25836
25841
25847
25853
25859
25865
25871
25877
25883
25889
25895
25901
25907
25913
25919
25925
25930
25935
25941
25947
25953
25959
25965
25971
25977
25983
25989
25995
26001
26007
26013
26019
26024
26029
26035
26041
26047
26053
26059
26065
26071
26077
26083
26089
26095
26101
26107
26113
26118
26123
26129
26135
26141
26147
26153
26159
26165
26171
26177
26183
26189
26195
26201
26207
26212
26217
26223
26229
26235
26241
26247
26253
26259
26265
26271
26277
26283
26289
26295
26301
26306
26311
26317
26323
26329
26335
26341
26347
26353
26359
26365
26371
26377
26383
26389
26395
26400
26405
26411
26417
26423
26429
26435
26441
26447
26453
26459
26465
26471
26477
26483
26489
26494
26499
26505
26511
26517
26523
26529
26535
26541
26547
26553
26559
26565
26571
26577
26583
26588
26593
26599
26605
26611
26617
26623
26629
26635
26641
26647
26653
26659
26665
26671
26677
26682
26687
26693
26699
26705
26711
26717
26723
26729
26735
26741
26747
26753
26759
26765
26771
26776
26781
26787
26793
26799
26805
26811
26817
26823
26829
26835
26841
26847
26853
26859
26865
26870
26875
26881
26887
26893
26899
26905
26911
26917
26923
26929
26935
26941
26947
26953
26959
26964
26969
26975
26981
26987
26993
26999
27005
27011
27017
27023
27029
27035
27041
27047
27053
27058
27062
27067
27072
27077
27082
27087
27092
27097
27102
27107
27112
27117
27122
27127
27132
27136
